9780863802478
9780750677806
047121180X
0201578859
9783000073762
9783540625087
9783540593805
9780750667555
9780669281996
9788825607345
9780750686112
8870214389
9780750632423
8870212009
8870213676
9780138528720
9788846462022
0471850845
9788838606120
9788820322106
9780750627245
9780750624664
9780750699433
9788820422158
9781856177504
9788820733681
0444988211
0824796314
9780750623797
9780198593706
9780195670929
9788869283352
9788837114589
9788854808782
9788890246937
9780905705385
9781481908979
9780495667643
9780780310469
9788876615085
9788846440648
9788820330606
9782100017645
884641490X
0136868827
