9788820314965
9788870567809
9780824750541
9780582418813
9783895784347
9788869282386
9788838666933
9780071341929
9780071472876
9781598291124
9780471584087
9788808002969
9780780310841
9788879332613
9788838608117
9780750627016
9783540418207
9788820318130
9788820321185
9782710806837
9788848103442
9788820334284
9788838662065
9780965081900
9780766819238
9780879304409
9780412549700
9780201633658
9788684417178
9780750648127
9788871923420
9780824776961
9780133597950
9788838606489
9781938581168
9781608457137
9780849322136
9780965416214
9780079136459
9788804542506
9780122374616
9788126525126
9780471850687
9788889518427
9780997925944
9788820348229
9788131731437
9781907920042
9780127015101
9788181287298
9788837117078
9783540790280
9780198565086
9788874882618
0849344085
8870211762
038750608X
0897040015
0028041623
8846418336
